3648            
4               
11              
0               
0               
11              
17408           
0               
0               
0               
1025            
32              
2               
6               
0               
1               

// Volume Independent Parameters
1               
0               
0               
0               
0               
0               
0               
0               
0               
1               
20              
5               
50              
10000           
-85             
-80             
-65             
-24             
0               
-96             
-75             
-60             
-19             
-19             
1               
0               
32              
32              
32              
32              
32              
32              
32              
32              
32              
10              
10              
10              
9               
8               
8               
9               
10              
12              
12              
12              
12              
11              
11              
12              
12              
13              
14              
15              
17              
19              
22              
24              
27              
31              
37              
44              
50              
51              
51              
47              
41              
36              
32              
29              
28              
26              
25              
25              
24              
23              
23              
23              
23              
22              
22              
22              
22              
23              
24              
24              
24              
23              
22              
21              
20              
19              
19              
18              
17              
17              
16              
16              
15              
15              
14              
14              
14              
13              
13              
13              
13              
14              
14              
14              
14              
14              
14              
14              
14              
13              
13              
13              
13              
13              
12              
12              
12              
12              
12              
12              
11              
12              
12              
12              
12              
12              
12              
13              
13              
13              
13              
14              
14              
15              
15              
16              
16              
17              
17              
18              
19              
20              
20              
21              
22              
23              
24              
25              
26              
27              
28              
29              
30              
30              
30              
30              
29              
29              
28              
27              
25              
24              
23              
22              
20              
19              
18              
17              
17              
16              
15              
15              
14              
14              
13              
13              
12              
12              
12              
12              
11              
11              
11              
11              
11              
11              
11              
11              
11              
11              
11              
11              
11              
11              
11              
12              
12              
12              
12              
12              
12              
12              
12              
12              
11              
11              
11              
10              
10              
9               
9               
8               
8               
8               
7               
7               
7               
6               
6               
6               
6               
6               
5               
5               
5               
5               
5               
5               
4               
4               
4               
4               
4               
4               
4               
4               
4               
4               
4               
4               
4               
4               
4               
4               
4               
4               
4               
4               
4               
4               
4               
4               
5               
5               
5               
5               
5               
5               
5               
4               
4               
4               
4               
4               
4               
4               
4               
3               
3               
3               
3               
3               
3               
3               
2               
2               
2               
2               
2               
2               
2               
2               
2               
2               
2               
2               
2               
2               
2               
2               
1               
1               
1               
1               
1               
1               
1               
1               
1               
1               
1               
1               
1               
1               
1               
1               
1               
1               
1               
1               
1               
1               
1               
1               
1               
1               
1               
1               
1               
1               
1               
1               
1               
1               
1               
1               
1               
1               
1               
1               
1               
1               
1               
1               
2               
2               
2               
2               
2               
2               
2               
2               
2               
2               
2               
2               
3               
3               
3               
2               
2               
2               
2               
2               
2               
2               
2               
2               
2               
2               
2               
2               
2               
2               
2               
2               
2               
2               
2               
2               
2               
2               
2               
2               
2               
2               
2               
2               
2               
2               
2               
3               
3               
3               
3               
3               
3               
3               
3               
3               
3               
4               
4               
4               
4               
4               
4               
4               
4               
4               
4               
4               
4               
4               
5               
5               
5               
5               
5               
5               
5               
5               
5               
5               
5               
5               
6               
6               
6               
6               
6               
6               
6               
6               
6               
6               
6               
7               
7               
7               
7               
8               
8               
8               
9               
9               
9               
9               
9               
9               
9               
9               
9               
8               
8               
8               
7               
7               
7               
7               
7               
7               
6               
6               
6               
6               
6               
6               
6               
6               
6               
6               
6               
6               
6               
6               
6               
6               
6               
6               
6               
6               
6               
6               
6               
6               
6               
6               
6               
6               
6               
6               
6               
6               
6               
6               
6               
6               
6               
6               
6               
6               
6               
6               
6               
5               
5               
5               
6               
6               
6               
6               
6               
6               
6               
6               
6               
6               
6               
6               
6               
6               
6               
7               
7               
7               
7               
7               
7               
7               
8               
8               
8               
9               
9               
9               
10              
10              
11              
12              
12              
13              
13              
13              
9               
6               
5               
5               
5               
5               
6               
6               
7               
8               
7               
8               
10              
12              
12              
11              
11              
10              
11              
13              
14              
15              
13              
11              
9               
8               
8               
7               
8               
8               
8               
7               
6               
5               
5               
4               
3               
3               
3               
2               
2               
2               
3               
5               
8               
11              
16              
18              
18              
18              
18              
18              
18              
18              
18              
18              
18              
18              
18              
18              
18              
18              
18              
18              
11              
11              
32              
32              
32              
32              
32              
32              
32              
32              
32              
11              
11              
11              
10              
9               
8               
9               
10              
11              
12              
11              
11              
10              
10              
10              
11              
11              
12              
13              
15              
17              
20              
22              
24              
27              
29              
30              
30              
29              
28              
28              
28              
30              
33              
35              
37              
39              
40              
40              
39              
37              
33              
29              
25              
21              
19              
17              
16              
15              
14              
14              
14              
13              
13              
13              
13              
13              
13              
13              
13              
13              
13              
14              
14              
14              
14              
15              
15              
15              
15              
16              
16              
17              
17              
17              
18              
19              
19              
20              
21              
21              
22              
23              
23              
24              
24              
25              
25              
26              
26              
27              
27              
27              
27              
28              
28              
28              
29              
29              
29              
29              
29              
29              
29              
28              
28              
27              
27              
26              
26              
25              
25              
24              
23              
23              
22              
22              
21              
21              
20              
19              
19              
18              
17              
17              
16              
16              
15              
15              
14              
14              
13              
13              
12              
12              
12              
11              
11              
11              
11              
10              
10              
10              
10              
9               
9               
9               
9               
8               
8               
8               
8               
7               
7               
7               
7               
7               
6               
6               
6               
6               
6               
6               
6               
6               
6               
6               
6               
6               
6               
6               
6               
6               
6               
6               
6               
6               
6               
7               
7               
7               
7               
8               
8               
8               
9               
9               
9               
10              
10              
10              
11              
11              
11              
12              
12              
12              
12              
11              
11              
11              
10              
10              
9               
8               
8               
7               
7               
6               
6               
5               
5               
5               
5               
4               
4               
4               
4               
4               
4               
3               
3               
3               
3               
3               
3               
3               
3               
3               
3               
3               
3               
3               
3               
3               
3               
3               
3               
3               
3               
3               
3               
3               
3               
3               
3               
4               
4               
4               
4               
4               
4               
4               
4               
4               
4               
4               
4               
4               
4               
4               
4               
4               
4               
4               
4               
4               
4               
3               
3               
3               
3               
3               
3               
3               
3               
2               
2               
2               
2               
2               
2               
2               
2               
2               
2               
2               
2               
2               
2               
1               
1               
1               
1               
1               
1               
1               
1               
1               
1               
1               
1               
1               
1               
1               
1               
1               
1               
1               
1               
1               
1               
1               
1               
1               
1               
1               
1               
1               
2               
2               
2               
2               
2               
2               
2               
2               
2               
2               
2               
2               
2               
2               
2               
2               
2               
2               
2               
2               
2               
2               
2               
2               
2               
2               
2               
2               
2               
2               
2               
2               
2               
2               
2               
2               
2               
2               
2               
2               
2               
2               
3               
3               
3               
3               
3               
3               
3               
3               
3               
3               
3               
3               
3               
3               
3               
3               
3               
3               
3               
3               
3               
3               
4               
4               
4               
4               
4               
4               
4               
4               
4               
4               
4               
4               
4               
4               
5               
5               
5               
5               
5               
5               
5               
6               
6               
6               
6               
6               
7               
7               
7               
7               
8               
8               
8               
8               
9               
9               
9               
9               
10              
10              
10              
10              
10              
10              
10              
10              
10              
9               
9               
9               
9               
9               
9               
9               
9               
8               
8               
8               
8               
8               
8               
8               
8               
8               
8               
8               
8               
7               
7               
7               
7               
7               
7               
7               
7               
7               
7               
7               
7               
7               
7               
7               
7               
7               
7               
7               
7               
7               
7               
7               
7               
7               
7               
7               
7               
7               
7               
7               
7               
7               
6               
6               
6               
6               
6               
6               
6               
6               
6               
6               
6               
6               
6               
6               
6               
6               
6               
6               
6               
6               
7               
7               
9               
8               
7               
6               
6               
7               
6               
6               
6               
7               
8               
9               
10              
12              
15              
22              
33              
41              
40              
35              
27              
22              
19              
17              
15              
13              
11              
11              
11              
13              
17              
21              
24              
20              
15              
12              
9               
8               
8               
8               
6               
4               
4               
5               
8               
12              
17              
18              
18              
18              
18              
18              
18              
18              
18              
18              
18              
18              
18              
18              
18              
18              
18              
18              
15              
15              
32              
32              
32              
32              
32              
32              
32              
32              
32              
32              
32              
32              
32              
32              
32              
32              
32              
32              
32              
32              
32              
32              
32              
32              
32              
32              
32              
32              
32              
32              
32              
32              
32              
32              
32              
32              
32              
32              
32              
32              
32              
32              
32              
32              
32              
32              
32              
32              
32              
32              
32              
32              
32              
32              
32              
32              
32              
32              
32              
32              
32              
32              
32              
32              
32              
32              
32              
32              
32              
32              
32              
32              
32              
32              
32              
32              
32              
32              
32              
32              
32              
32              
32              
32              
32              
32              
32              
32              
32              
32              
32              
32              
32              
32              
32              
32              
32              
32              
32              
32              
32              
32              
32              
32              
32              
32              
32              
32              
32              
32              
32              
32              
32              
32              
32              
32              
32              
32              
32              
32              
32              
32              
32              
32              
32              
32              
32              
32              
32              
32              
32              
32              
32              
32              
32              
32              
32              
32              
32              
32              
32              
32              
32              
32              
32              
32              
32              
32              
32              
32              
32              
32              
32              
32              
32              
32              
32              
32              
32              
32              
32              
32              
32              
32              
32              
32              
32              
32              
32              
32              
32              
32              
32              
32              
32              
32              
32              
32              
32              
32              
32              
32              
32              
32              
32              
32              
32              
32              
32              
32              
32              
32              
32              
32              
32              
32              
32              
32              
32              
32              
32              
32              
32              
32              
32              
32              
32              
32              
32              
32              
32              
32              
32              
32              
32              
32              
32              
32              
32              
32              
32              
32              
32              
32              
32              
32              
32              
32              
32              
32              
32              
32              
32              
32              
32              
32              
32              
32              
32              
32              
32              
32              
32              
32              
32              
32              
32              
32              
32              
32              
32              
32              
32              
32              
32              
32              
32              
32              
32              
32              
32              
32              
32              
32              
32              
32              
32              
32              
32              
32              
32              
32              
32              
32              
32              
32              
32              
32              
32              
32              
32              
32              
32              
32              
32              
32              
32              
32              
32              
32              
32              
32              
32              
32              
32              
32              
32              
32              
32              
32              
32              
32              
32              
32              
32              
32              
32              
32              
32              
32              
32              
32              
32              
32              
32              
32              
32              
32              
32              
32              
32              
32              
32              
32              
32              
32              
32              
32              
32              
32              
32              
32              
32              
32              
32              
32              
32              
32              
32              
32              
32              
32              
32              
32              
32              
32              
32              
32              
32              
32              
32              
32              
32              
32              
32              
32              
32              
32              
32              
32              
32              
32              
32              
32              
32              
32              
32              
32              
32              
32              
32              
32              
32              
32              
32              
32              
32              
32              
32              
32              
32              
32              
32              
32              
32              
32              
32              
32              
32              
32              
32              
32              
32              
32              
32              
32              
32              
32              
32              
32              
32              
32              
32              
32              
32              
32              
32              
32              
32              
32              
32              
32              
32              
32              
32              
32              
32              
32              
32              
32              
32              
32              
32              
32              
32              
32              
32              
32              
32              
32              
32              
32              
32              
32              
32              
32              
32              
32              
32              
32              
32              
32              
32              
32              
32              
32              
32              
32              
32              
32              
32              
32              
32              
32              
32              
32              
32              
32              
32              
32              
32              
32              
32              
32              
32              
32              
32              
32              
32              
32              
32              
32              
32              
32              
32              
32              
32              
32              
32              
32              
32              
32              
32              
32              
32              
32              
32              
32              
32              
32              
32              
32              
32              
32              
32              
32              
32              
32              
32              
32              
32              
32              
32              
32              
32              
32              
32              
32              
32              
32              
32              
32              
32              
32              
32              
32              
32              
32              
32              
32              
32              
32              
32              
32              
32              
32              
32              
32              
32              
32              
32              
32              
32              
32              
32              
32              
32              
32              
32              
32              
32              
32              
32              
32              
32              
32              
32              
32              
32              
32              
32              
32              
32              
32              
32              
32              
32              
32              
32              
32              
32              
32              
32              
32              
32              
32              
32              
32              
32              
32              
32              
32              
32              
32              
32              
32              
32              
32              
32              
32              
32              
32              
32              
32              
32              
32              
32              
32              
32              
32              
32              
32              
32              
32              
32              
32              
32              
32              
32              
32              
32              
32              
32              
32              
32              
32              
32              
32              
32              
32              
32              
32              
32              
32              
32              
32              
32              
32              
32              
32              
32              
32              
32              
32              
32              
32              
32              
32              
32              
32              
32              
32              
32              
32              
32              
32              
32              
32              
32              
32              
32              
32              
32              
32              
32              
32              
32              
32              
32              
32              
32              
32              
32              
32              
32              
32              
32              
32              
32              
32              
32              
32              
32              
32              
32              
32              
32              
32              
32              
32              
32              
32              
32              
32              
32              
32              
32              
32              
32              
32              
32              
32              
32              
32              
32              
32              
32              
32              
32              
32              
32              
32              
32              
32              
32              
32              
32              
32              
32              
32              
32              
32              
32              
32              
32              
32              
32              
32              
32              
32              
32              
32              
32              
32              
32              
32              
32              
32              
32              
32              
32              
32              
32              
32              
32              
32              
32              
32              
32              
32              
32              
32              
32              
32              
32              
32              
32              
32              
32              
32              
32              
32              
32              
32              
32              
32              
32              
32              
32              
32              
32              
32              
32              
32              
32              
32              
32              
32              
32              
32              
32              
32              
32              
32              
32              
32              
32              
32              
32              
32              
32              
32              
32              
32              
32              
32              
32              
32              
32              
32              
32              
32              
32              
32              
32              
32              
32              
32              
32              
32              
32              
32              
32              
32              
32              
32              
32              
32              
32              
32              
32              
32              
32              
32              
32              
32              
32              
32              
32              
32              
32              
32              
32              
32              
32              
32              
32              
32              
32              
32              
32              
32              
32              
32              
32              
32              
32              
32              
32              
32              
32              
32              
32              
32              
32              
32              
32              
32              
32              
32              
32              
32              
32              
32              
32              
32              
32              
32              
32              
32              
32              
32              
32              
32              
32              
32              
32              
32              
32              
32              
32              
32              
32              
32              
32              
32              
32              
32              
32              
32              
32              
32              
32              
32              
32              
32              
32              
32              
32              
32              
32              
32              
32              
32              
32              
32              
32              
32              
32              
32              
32              
32              
32              
32              
32              
32              
32              
32              
32              
32              
32              
32              
32              
32              
32              
32              
32              
32              
32              
32              
32              
32              
32              
32              
32              
32              
32              
32              
32              
32              
32              
32              
32              
32              
32              
32              
32              
32              
32              
32              
32              
32              
32              
32              
32              
32              
32              
32              
32              
32              
32              
32              
32              
32              
32              
32              
32              
32              
32              
32              
32              
32              
32              
32              
32              
32              
32              
32              
32              
32              
32              
32              
32              
32              
32              
32              
32              
32              
32              
32              
32              
32              
32              
32              
32              
32              
32              
32              
32              
32              
32              
32              
32              
32              
32              
32              
32              
32              
32              
32              
32              
32              
32              
32              
32              
32              
32              
32              
32              
32              
32              
32              
32              
32              
32              
32              
32              
32              
32              
32              
32              
32              
32              
32              
32              
32              
32              
32              
32              
32              
32              
32              
32              
32              
32              
32              
32              
32              
32              
32              
32              
32              
32              
32              
32              
32              
32              
32              
32              
32              
32              
32              
32              
32              
32              
32              
32              
32              
32              
32              
32              
32              
32              
32              
32              
32              
32              
32              
32              
32              
32              
32              
32              
32              
32              
32              
32              
32              
32              
32              
32              
32              
32              
32              
32              
32              
32              
32              
32              
32              
32              
32              
32              
32              
32              
32              
32              
32              
32              
32              
32              
32              
32              
32              
32              
32              
32              
32              
32              
32              
32              
32              
32              
32              
32              
32              
32              
32              
32              
32              
32              
32              
32              
32              
32              
32              
32              
32              
32              
32              
32              
32              
32              
32              
32              
32              
32              
32              
32              
32              
32              
32              
32              
32              
32              
32              
32              
32              
32              
32              
32              
32              
32              
32              
32              
32              
32              
32              
32              
32              
32              
32              
32              
32              
32              
32              
32              
32              
32              
32              
0               
70              
70              
-6              
-6              
-48             
-48             
0               
32767           
33              
40              
100             
0               
-13             
-13             
14745           
-6              
0               
-75             
-75             
-78             
-85             
-87             
-93             
-99             
-101            
-103            
-104            
-104            
-106            
-106            
-106            
-106            
-106            
-108            
-108            
-107            
-107            
-108            
-108            
-108            
-107            
-108            
-109            
-109            
-109            
-109            
-109            
-110            
-110            
-109            
-110            
-111            
-111            
-111            
-111            
-111            
-111            
-111            
-110            
-111            
-110            
-110            
-111            
-110            
-111            
-110            
-111            
-112            
-110            
-111            
-111            
-112            
-111            
-111            
-111            
-111            
-111            
-112            
-113            
-112            
-112            
-113            
-112            
-113            
-112            
-112            
-112            
-112            
-113            
-112            
-112            
-112            
-112            
-113            
-113            
-112            
-113            
-112            
-112            
-113            
-113            
-113            
-112            
-113            
-113            
-113            
-113            
-113            
-113            
-112            
-113            
-113            
-112            
-113            
-114            
-113            
-113            
-113            
-114            
-114            
-113            
-113            
-112            
-113            
-113            
-112            
-113            
-113            
-113            
-112            
-113            
-113            
-113            
-113            
-113            
-114            
-114            
-113            
-113            
-114            
-114            
-113            
-114            
-114            
-112            
-113            
-115            
-113            
-112            
-113            
-113            
-113            
-113            
-112            
-112            
-113            
-113            
-114            
-114            
-114            
-113            
-113            
-114            
-113            
-113            
-113            
-113            
-112            
-112            
-113            
-113            
-113            
-113            
-113            
-113            
-113            
-113            
-113            
-113            
-114            
-113            
-113            
-113            
-113            
-113            
-113            
-113            
-113            
-114            
-114            
-113            
-112            
-113            
-113            
-113            
-112            
-113            
-114            
-113            
-113            
-113            
-112            
-113            
-112            
-113            
-113            
-113            
-113            
-113            
-112            
-113            
-113            
-112            
-112            
-113            
-113            
-113            
-113            
-114            
-113            
-112            
-112            
-113            
-113            
-113            
-113            
-113            
-113            
-112            
-113            
-113            
-113            
-112            
-112            
-113            
-112            
-112            
-113            
-112            
-114            
-112            
-112            
-112            
-112            
-113            
-113            
-113            
-112            
-112            
-112            
-111            
-111            
-113            
-112            
-112            
-112            
-112            
-112            
-112            
-112            
-112            
-111            
-112            
-112            
-112            
-112            
-111            
-110            
-111            
-110            
-110            
-111            
-111            
-111            
-110            
-110            
-111            
-110            
-110            
-110            
-110            
-110            
-110            
-111            
-111            
-109            
-109            
-109            
-110            
-110            
-110            
-109            
-109            
-109            
-110            
-110            
-109            
-108            
-109            
-109            
-108            
-107            
-108            
-107            
-107            
-107            
-107            
-108            
-107            
-106            
-106            
-106            
-106            
-106            
-105            
-105            
-105            
-105            
-104            
-105            
-104            
-104            
-104            
-105            
-105            
-104            
-103            
-103            
-104            
-104            
-104            
-104            
-104            
-105            
-104            
-105            
-104            
-105            
-105            
-106            
-106            
-106            
-106            
-106            
-106            
-107            
-107            
-107            
-107            
-108            
-109            
-109            
-110            
-109            
-109            
-110            
-109            
-109            
-110            
-109            
-108            
-109            
-110            
-110            
-111            
-110            
-110            
-110            
-110            
-111            
-112            
-111            
-111            
-111            
-111            
-112            
-111            
-112            
-112            
-112            
-112            
-112            
-112            
-112            
-113            
-113            
-113            
-113            
-113            
-113            
-113            
-112            
-113            
-113            
-112            
-111            
-113            
-113            
-113            
-112            
-112            
-113            
-113            
-113            
-113            
-113            
-114            
-113            
-113            
-113            
-113            
-113            
-113            
-113            
-113            
-113            
-114            
-113            
-114            
-114            
-114            
-113            
-114            
-114            
-114            
-113            
-112            
-114            
-113            
-114            
-114            
-114            
-114            
-114            
-114            
-114            
-114            
-113            
-114            
-114            
-114            
-114            
-114            
-114            
-113            
-114            
-115            
-115            
-114            
-113            
-114            
-114            
-115            
-114            
-114            
-114            
-114            
-115            
-115            
-114            
-114            
-114            
-114            
-114            
-114            
-114            
-114            
-115            
-114            
-115            
-114            
-114            
-114            
-114            
-114            
-114            
-114            
-114            
-114            
-114            
-115            
-114            
-115            
-114            
-114            
-114            
-114            
-114            
-114            
-114            
-114            
-114            
-114            
-114            
-115            
-114            
-114            
-115            
-114            
-114            
-114            
-114            
-114            
-114            
-115            
-115            
-115            
-115            
-114            
-114            
-115            
-114            
-115            
-114            
-114            
-115            
-115            
-114            
-114            
-114            
-115            
-115            
-115            
-115            
-115            
-115            
-116            
-117            
-116            
-117            
-76             
-75             
-78             
-85             
-90             
-95             
-99             
-101            
-101            
-102            
-103            
-104            
-105            
-105            
-105            
-106            
-106            
-106            
-107            
-106            
-106            
-107            
-108            
-107            
-107            
-108            
-108            
-108            
-108            
-109            
-109            
-109            
-109            
-109            
-109            
-108            
-109            
-109            
-110            
-109            
-109            
-109            
-110            
-110            
-111            
-110            
-109            
-110            
-111            
-111            
-112            
-110            
-111            
-111            
-111            
-109            
-110            
-110            
-111            
-111            
-111            
-112            
-112            
-111            
-111            
-110            
-111            
-112            
-112            
-112            
-112            
-112            
-111            
-112            
-112            
-112            
-112            
-111            
-112            
-112            
-111            
-112            
-111            
-112            
-112            
-112            
-112            
-112            
-113            
-112            
-112            
-112            
-113            
-113            
-113            
-113            
-112            
-112            
-112            
-112            
-112            
-112            
-112            
-113            
-112            
-112            
-112            
-112            
-113            
-112            
-112            
-112            
-113            
-113            
-113            
-113            
-113            
-113            
-113            
-113            
-114            
-113            
-112            
-112            
-113            
-113            
-113            
-113            
-113            
-112            
-112            
-114            
-113            
-112            
-112            
-113            
-113            
-113            
-113            
-114            
-114            
-114            
-113            
-113            
-113            
-114            
-113            
-113            
-113            
-113            
-114            
-113            
-112            
-113            
-112            
-112            
-113            
-113            
-114            
-112            
-113            
-114            
-113            
-114            
-114            
-113            
-113            
-113            
-113            
-114            
-113            
-113            
-113            
-114            
-113            
-113            
-112            
-112            
-113            
-113            
-113            
-114            
-115            
-113            
-114            
-113            
-113            
-113            
-113            
-113            
-113            
-114            
-113            
-113            
-113            
-113            
-114            
-113            
-113            
-113            
-113            
-112            
-114            
-113            
-113            
-113            
-113            
-113            
-113            
-112            
-113            
-114            
-114            
-113            
-113            
-114            
-114            
-113            
-114            
-115            
-113            
-114            
-114            
-113            
-114            
-113            
-114            
-113            
-114            
-113            
-113            
-113            
-113            
-113            
-113            
-113            
-113            
-113            
-114            
-113            
-114            
-112            
-113            
-113            
-114            
-113            
-113            
-113            
-113            
-114            
-113            
-113            
-113            
-114            
-113            
-114            
-113            
-114            
-113            
-113            
-113            
-113            
-113            
-113            
-113            
-113            
-113            
-113            
-113            
-113            
-113            
-113            
-112            
-112            
-113            
-113            
-113            
-113            
-112            
-111            
-111            
-112            
-112            
-112            
-112            
-111            
-112            
-112            
-111            
-111            
-111            
-111            
-111            
-111            
-111            
-111            
-110            
-111            
-111            
-110            
-110            
-110            
-110            
-110            
-110            
-110            
-110            
-109            
-109            
-109            
-109            
-110            
-109            
-109            
-108            
-110            
-109            
-108            
-108            
-108            
-108            
-108            
-108            
-108            
-108            
-108            
-109            
-108            
-108            
-108            
-108            
-109            
-109            
-108            
-109            
-109            
-110            
-110            
-109            
-110            
-110            
-110            
-110            
-111            
-110            
-112            
-111            
-111            
-112            
-112            
-111            
-112            
-112            
-112            
-112            
-112            
-112            
-113            
-112            
-112            
-112            
-113            
-113            
-114            
-113            
-113            
-112            
-114            
-113            
-114            
-114            
-114            
-113            
-114            
-113            
-113            
-113            
-113            
-114            
-114            
-113            
-114            
-114            
-114            
-114            
-114            
-114            
-114            
-114            
-114            
-113            
-114            
-114            
-114            
-114            
-114            
-114            
-114            
-114            
-115            
-114            
-114            
-114            
-114            
-115            
-115            
-114            
-114            
-115            
-114            
-114            
-114            
-113            
-114            
-114            
-113            
-114            
-114            
-114            
-114            
-114            
-114            
-114            
-114            
-114            
-114            
-115            
-114            
-114            
-114            
-114            
-114            
-115            
-115            
-115            
-115            
-114            
-114            
-114            
-114            
-114            
-114            
-115            
-115            
-114            
-114            
-115            
-115            
-115            
-114            
-114            
-113            
-115            
-115            
-115            
-115            
-114            
-115            
-114            
-114            
-114            
-114            
-114            
-114            
-115            
-115            
-115            
-114            
-115            
-115            
-115            
-114            
-114            
-115            
-115            
-114            
-114            
-114            
-115            
-114            
-114            
-115            
-115            
-114            
-114            
-114            
-114            
-114            
-115            
-114            
-114            
-115            
-115            
-114            
-114            
-114            
-114            
-114            
-114            
-115            
-114            
-114            
-114            
-115            
-115            
-115            
-115            
-116            
-115            
-116            
-117            
-117            
-118            
0               
1638            
655             
9830            
300             
300             
0               
-15             
0               
-4              
0               
-15             
0               
6               
-20             
-3              
2344            
4687            
0               
0               
0               
32767           
0               
-20             
0               
0               
15500           
0               
150             
6               
0               
7000            
200             
0               
8500            
300             
0               
2000            
500             
0               
4300            
500             
0               
12000           
200             
0               
15500           
200             
0               
9306            
400             
-7782           
13105           
800             
973             
13857           
1000            
0               
15005           
100             
2               
0               
200             
100             
-16             
2000            
100             
-16             
0               
2               
1               
20              
5               
0               
20              
0               
0               
20              
3000            
-90             
-65             
-45             
-23             
0               
-96             
-65             
-42             
-18             
-18             
0               
-13             
1               
4000            
5               
0               
20              
0               
0               
20              
3000            
-90             
-65             
-45             
-25             
0               
-96             
-65             
-42             
-20             
-20             
0               
-13             
0               
20              
2               
1               
20              
0               
0               
10000           
10000           
-96             
0               
0               
0               
0               
-96             
0               
0               
0               
0               
1               
0               
0               
20              
2               
1               
20              
0               
0               
10000           
10000           
-96             
0               
0               
0               
0               
-96             
0               
0               
0               
0               
1               
0               
0               
20              
2               
1               
20              
0               
0               
10000           
10000           
-96             
0               
0               
0               
0               
-96             
0               
0               
0               
0               
1               
0               
1               
20              
5               
0               
20              
0               
0               
20              
3000            
-96             
-60             
-40             
-15             
0               
-96             
-60             
-40             
-15             
-15             
0               
-13             
1               
-2              
15              
0               
27233           
20              
0               
0               
0               
0               
0               
0               
0               
0               
165             
0               
0               
0               
0               
0               
0               
0               
0               
1               
2               
1               
-20             
-20             
-40             
-20             
-76             
-31             
0               
15              
96              
86              
6826            
6826            
6826            
6826            
6826            
6826            
6826            
6826            
6826            
6826            

// Volume 0
